Date	Inc_case	lessthan1	1to4	5to14	15to24	25to44	45to64	65to74	75	MRC_death	ONS_deaths	Rt
09/02/2020	0	0	0	0	0	0	0	0	0	0	0	0
10/02/2020	0	0	0	0	0	0	0	0	0	0	0	0
11/02/2020	0	0	0	0	0	0	0	0	0	0	0	0
12/02/2020	0	0	0	0	0	0	0	0	0	0	0	0
13/02/2020	0	0	0	0	0	0	0	0	0	0	0	0
14/02/2020	0	0	0	0	0	0	0	0	0	0	0	0
15/02/2020	0	0	0	0	0	0	0	0	0	0	0	0
16/02/2020	0	0	0	0	0	0	0	0	0	0	0	0
17/02/2020	151	1.03	0	36.1	24.2	48.7	26.5	5.56	2.48	0	0.00	2.8
18/02/2020	181	1.24	7.67	43.1	29.2	58.2	31.7	6.65	2.97	0	0.00	2.8
19/02/2020	228	1.56	9.67	54.3	36.8	73.3	39.9	8.38	3.74	0	0.00	2.8
20/02/2020	285	1.95	12.1	67.9	46.1	91.7	49.9	10.5	4.68	0	0.00	2.8
21/02/2020	356	2.44	15.1	84.8	57.5	115	62.3	13.1	5.84	0	0.00	2.8
22/02/2020	444	3.04	18.9	106	71.9	143	77.9	16.4	7.3	0	0.00	2.8
23/02/2020	556	3.81	23.6	133	90	179	97.5	20.5	9.14	0	0.00	2.8
24/02/2020	695	4.76	29.5	166	113	224	122	25.7	11.4	0	0.00	2.8
25/02/2020	870	5.96	36.9	207	141	280	153	32.1	14.3	0	0.00	2.8
26/02/2020	1090	7.45	46.2	259	176	350	191	40.2	17.9	0	0.00	2.8
27/02/2020	1360	9.32	57.8	325	221	438	239	50.4	22.4	0	0.00	2.8
28/02/2020	1710	11.7	72.4	407	277	548	299	63.1	28.1	0	0.00	2.8
29/02/2020	2140	14.6	90.7	509	347	686	375	79.1	35.2	0	0.00	2.8
01/03/2020	2680	18.3	113	638	434	859	470	99.2	44.2	0	0.00	2.8
02/03/2020	3350	22.9	142	799	544	1080	589	124	55.4	0	0.00	2.8
03/03/2020	4200	28.7	178	1000	682	1350	738	156	69.5	0	0.00	2.8
04/03/2020	5260	36	223	1250	844	1690	925	196	87.2	0	0.00	2.8
05/03/2020	6600	45.1	280	1570	1070	2110	1160	246	109	3	4.00	2.8
06/03/2020	8270	56.4	350	1970	1340	2650	1460	309	137	0	2.00	2.8
07/03/2020	10400	70.7	439	2470	1690	3310	1830	388	173	0	0.00	2.8
08/03/2020	13000	88.7	551	3100	2120	4150	2290	487	217	3	2.00	2.8
09/03/2020	16300	111	690	3880	2650	5210	2880	612	272	5	5.00	2.8
10/03/2020	20400	139	865	4860	3330	6520	3610	769	342	3	2.00	2.8
11/03/2020	25600	175	1080	6090	4180	8170	4530	967	430	8	6.00	2.8
12/03/2020	32100	219	1360	7630	5250	10200	5690	1220	541	12	11.00	2.8
13/03/2020	40300	275	1700	9550	6580	12800	7140	1530	680	16	15.00	2.8
14/03/2020	50500	344	2140	12000	8240	16000	8960	1920	856	20	19.00	2.8
15/03/2020	63200	431	2680	15000	10300	20100	11300	2420	1080	33	28.00	2.8
16/03/2020	79100	540	3350	18700	12900	25100	14100	3040	1350	41	43.00	2.8
17/03/2020	99000	676	4190	23300	16200	31400	17700	3820	1700	54	52.00	2.8
18/03/2020	124000	845	5240	29000	20200	39100	22200	4800	2140	66	65.00	2.8
19/03/2020	154000	1050	6530	36000	25200	48600	27800	6030	1690	68	69.00	2.8
20/03/2020	191000	1310	8120	44500	31400	60400	34700	7560	3380	103	106.00	2.8
21/03/2020	237000	1630	10100	54900	38900	74800	43200	9470	4240	116	121.00	2.8
22/03/2020	294000	2030	12500	67500	48200	92300	53800	11900	5320	157	170.00	2.8
23/03/2020	362000	2510	15400	82500	59400	114000	66800	14800	6660	174	187.00	0.8
24/03/2020	278000	2040	12300	59200	44900	89200	52800	11800	5340	219	233.00	0.8
25/03/2020	158000	1360	7780	27000	24300	54600	32300	7390	3330	280	296.00	0.8
26/03/2020	183000	1570	8980	31100	28100	62900	37500	8630	3890	334	369.00	0.8
27/03/2020	185000	1590	9070	31200	28500	63400	38300	8850	4000	372	410.00	0.8
28/03/2020	175000	1500	8570	29200	27000	59700	36700	8530	3860	384	447.00	0.8
29/03/2020	164000	1410	8000	27000	25300	55600	34900	8160	3690	464	528.00	0.8
30/03/2020	155000	1330	7530	25200	23900	52200	33400	7860	3560	533	621.00	0.8
31/03/2020	137000	1190	6730	22300	21100	45900	29400	6960	3160	603	737.00	0.8
01/04/2020	120000	1050	5980	19600	18500	39900	25600	6090	2770	969	817.00	0.8
02/04/2020	113000	993	5640	18500	17500	37500	24400	5830	2660	734	887.00	0.8
03/04/2020	105000	921	5230	17100	16300	34800	22900	5480	2500	742	916.00	0.8
04/04/2020	97200	849	4820	15800	15100	32000	21200	5100	2330	833	1009.00	0.8
05/04/2020	89600	781	4440	14500	13900	29400	19600	4740	2170	829	1055.00	0.8
06/04/2020	82800	719	4090	13400	12900	27100	18200	4410	2020	807	1012.00	0.8
07/04/2020	77100	675	3840	12600	12000	25100	16900	4120	1890	911	1132.00	0.8
08/04/2020	71700	632	3590	11700	11200	23300	15700	3840	1770	972	1270.00	0.8
09/04/2020	66200	582	3310	10800	10300	21500	14500	3570	1650	877	1160.00	0.8
10/04/2020	61400	539	3070	10100	9570	19800	13500	3320	1530	845	1151.00	0.8
11/04/2020	57000	499	2840	9320	8880	18400	12500	3090	1430	860	1190.00	0.8
12/04/2020	52900	463	2640	8650	8250	17000	11600	2880	1330	858	1187.00	0.8
13/04/2020	49000	429	2440	8030	7660	15800	10800	2680	1240	803	1065.00	0.8
14/04/2020	48300	420	2390	7860	7530	15600	10700	2640	1220	778	1072.00	0.8
15/04/2020	47400	411	2340	7680	7390	15300	10500	2590	1200	781	1085.00	0.8
16/04/2020	44200	383	2180	7160	6900	14300	9800	2420	1120	754	1132.00	0.8
17/04/2020	41800	361	2060	6760	6510	13500	9270	2290	1060	745	1094.00	0.8
18/04/2020	39700	343	1960	6420	6200	12800	8810	2180	1010	712	1014.00	0.8
19/04/2020	37800	326	1860	6110	5900	12200	8400	2080	964	685	963.00	0.8
20/04/2020	35900	310	1770	5800	5610	11500	7990	1980	918	693	983.00	0.8
21/04/2020	36200	309	1760	5790	5640	11700	8110	2000	927	646	903.00	0.8
22/04/2020	36400	307	1750	5760	5660	11800	8190	2010	931	655	929.00	0.8
23/04/2020	34700	293	1670	5500	5410	11200	7840	1920	891	612	881.00	0.8
24/04/2020	33600	284	1620	5310	5230	10900	7590	1860	863	625	861.00	0.8
25/04/2020	32700	276	1580	5160	5090	10600	7400	1820	842	575	759.00	0.8
26/04/2020	31900	269	1530	5020	4960	10300	7210	1770	822	569	749.00	0.8
27/04/2020	31000	262	1490	4880	4830	10000	7020	1730	802	524	713.00	0.8
28/04/2020	30000	253	1440	4710	4670	9710	6800	1670	772	530	690.00	0.8
29/04/2020	29000	244	1390	4530	4500	9400	6580	1600	743	521	691.00	0.8
30/04/2020	28200	237	1350	4400	4370	9130	6390	1560	722	501	645.00	0.8
01/05/2020	27300	231	1310	4270	4240	8860	6210	1510	701	506	647.00	0.8
02/05/2020	26500	224	1270	4140	4120	8600	6020	1470	680	460	578.00	0.8
03/05/2020	25700	217	1230	4010	3990	8330	5840	1430	661	422	549.00	0.8
04/05/2020	24900	211	1200	3890	3870	8090	5670	1380	641	445	550.00	0.8
05/05/2020	24200	204	1160	3780	3750	7830	5510	1350	628	433	526.00	0.8
06/05/2020	23500	198	1120	3660	3640	7570	5340	1320	614	432	507.00	0.8
07/05/2020	22700	192	1090	3550	3520	7340	5180	1280	596	437	520.00	0.8
08/05/2020	22100	186	1060	3440	3420	7130	5030	1240	579	372	474.00	0.8
09/05/2020	24100	181	1030	3340	3320	6920	4890	1210	562	367	454.00	0.8
10/05/2020	20800	176	997	3240	3220	6720	4750	1170	547	346	410.00	0.8
11/05/2020	20200	171	967	3150	3130	6520	4610	1140	531	315	352.00	0.8
12/05/2020	20000	167	945	3080	3080	6460	4580	1130	526	317	374.00	0.8
13/05/2020	19700	162	921	3000	3030	6390	4550	1110	520	307	361.00	0.9
14/05/2020	19100	158	896	2920	2950	6220	4420	1080	506	327	360.00	0.9
15/05/2020	18700	154	875	2850	2880	6070	4330	1060	495	308	349.00	0.9
16/05/2020	18300	151	857	2790	2820	5950	4240	1040	486	316	343.00	0.9
17/05/2020	18000	148	839	2730	2760	5830	4160	1020	476	273	307.00	0.9
18/05/2020	17600	145	822	2670	2700	5720	4080	997	467	311	336.00	0.9
19/05/2020	17800	148	832	2710	2730	5730	4120	1030	485	267	301.00	0.9
20/05/2020	18000	150	842	2740	2760	5750	4160	1060	503	281	294.00	0.9
21/05/2020	17700	148	829	2700	2720	5660	4100	1040	495	246	277.00	0.9
22/05/2020	17500	146	822	2670	2690	5610	4060	1030	492	242	246.00	0.9
23/05/2020	17400	146	817	2660	2680	5580	4040	1030	490	230	247.00	0.9
24/05/2020	17400	145	813	2640	2660	5550	4020	1020	488	189	230.00	0.9
25/05/2020	17300	144	808	2630	2650	5520	4000	1020	486	222	227.00	0.9
26/05/2020	17200	143	804	2620	2630	5490	3980	1010	484	234	252.00	0.9
27/05/2020	17100	143	801	2600	2620	5470	3970	1010	483	204	221.00	0.9
28/05/2020	17000	142	798	2590	2610	5440	3950	1010	482	204	228.00	0.9
29/05/2020	17000	142	795	2580	2600	5430	3940	1000	481	186	211.00	0.9
